P3105 10008611 10 0 100 10 1
P3105 10008612 10 1 3000 150 10
P3105 10008613 10 0 4000 400 20
P3105 10008614 10 1 5000 1000 100
P3105 10008615 10 0 10000 1000 200
P3302 10008811 10 0 100 10 1
P3302 10008812 10 1 3000 150 10
P3302 10008813 10 0 4000 400 20
P3302 10008814 10 1 5000 1000 100
P3302 10008815 10 0 10000 1000 200
P6105 10009911 10 0 100 10 1
P6105 10009912 10 1 3000 150 10
P6105 10009913 10 0 4000 400 20
P6105 10009914 10 1 5000 1000 100
P6105 10009915 10 0 10000 1000 200
P6106 10006611 10 0 10000 1000 200
P6106 10006612 10 0 10000 1000 200